0.5000 0.5319
0.5004 0.5162
0.5007 0.4979
0.5011 0.4770
0.5014 0.4535
0.5018 0.4274
0.5021 0.4013
0.5025 0.3752
0.5028 0.3439
0.5032 0.3151
0.5035 0.2890
0.5039 0.2551
0.5042 0.2264
0.5046 0.1950
0.5049 0.1689
0.5053 0.1454
0.5056 0.1193
0.5060 0.0984
0.5067 0.0567
0.5070 0.0384
0.5074 0.0201
0.5077 0.0070
0.5081 -0.0060
0.5084 -0.0164
0.5088 -0.0269
0.5091 -0.0347
0.5095 -0.0399
0.5098 -0.0452
0.5102 -0.0504
0.5105 -0.0530
0.5109 -0.0556
0.5112 -0.0582
0.5116 -0.0608
0.5119 -0.0608
0.5123 -0.0634
0.5126 -0.0634
0.5130 -0.0661
0.5133 -0.0634
0.5137 -0.0661
0.5140 -0.0661
0.5144 -0.0661
0.5151 -0.0661
0.5154 -0.0687
0.5158 -0.0661
0.5161 -0.0634
0.5165 -0.0634
0.5168 -0.0608
0.5172 -0.0582
0.5175 -0.0582
0.5179 -0.0556
0.5182 -0.0530
0.5186 -0.0530
0.5189 -0.0504
0.5193 -0.0478
0.5196 -0.0478
0.5200 -0.0452
0.5203 -0.0452
0.5207 -0.0426
0.5210 -0.0426
0.5214 -0.0399
0.5217 -0.0373
0.5221 -0.0373
0.5224 -0.0347
0.5228 -0.0347
0.5231 -0.0347
0.5235 -0.0321
0.5238 -0.0321
0.5242 -0.0321
0.5246 -0.0295
0.5249 -0.0295
0.5253 -0.0269
0.5256 -0.0269
0.5260 -0.0269
0.5263 -0.0269
0.5267 -0.0243
0.5270 -0.0243
0.5274 -0.0243
0.5277 -0.0243
0.5281 -0.0217
0.5284 -0.0217
0.5288 -0.0217
0.5291 -0.0217
0.5295 -0.0217
0.5298 -0.0217
0.5302 -0.0217
0.5305 -0.0191
0.5309 -0.0191
0.5312 -0.0191
0.5316 -0.0191
0.5319 -0.0191
0.5323 -0.0191
0.5326 -0.0191
0.5330 -0.0191
0.5333 -0.0191
0.5337 -0.0191
0.5340 -0.0191
0.5344 -0.0191
0.5347 -0.0164
0.5351 -0.0164
0.5354 -0.0164
0.5358 -0.0164
0.5361 -0.0164
0.5365 -0.0164
0.5368 -0.0164
0.5372 -0.0164
0.5375 -0.0164
0.5379 -0.0164
0.5382 -0.0164
0.5386 -0.0164
0.5389 -0.0164
0.5393 -0.0164
0.5396 -0.0164
0.5400 -0.0164
0.5403 -0.0164
0.5407 -0.0164
0.5410 -0.0164
0.5414 -0.0164
0.5417 -0.0164
0.5421 -0.0164
0.5424 -0.0164
0.5428 -0.0164
0.5431 -0.0164
0.5435 -0.0164
0.5438 -0.0164
0.5442 -0.0164
0.5445 -0.0164
0.5449 -0.0164
0.5452 -0.0164
0.5456 -0.0164
0.5459 -0.0138
0.5463 -0.0138
0.5466 -0.0138
0.5470 -0.0138
0.5473 -0.0138
0.5477 -0.0112
0.5480 -0.0112
0.5484 -0.0112
0.5488 -0.0112
0.5491 -0.0086
0.5495 -0.0086
0.5498 -0.0086
0.5502 -0.0060
0.5505 -0.0060
0.5509 -0.0060
0.5512 -0.0060
0.5516 -0.0060
0.5519 -0.0034
0.5523 -0.0034
0.5526 -0.0034
0.5530 -0.0034
0.5533 -0.0034
0.5537 -0.0034
0.5540 -0.0034
0.5544 -0.0060
0.5547 -0.0060
0.5551 -0.0060
0.5554 -0.0060
0.5559 -0.0060
0.5564 -0.0060
0.5569 -0.0060
0.5575 -0.0086
0.5580 -0.0086
0.5585 -0.0086
0.5591 -0.0060
0.5596 -0.0060
0.5602 -0.0060
0.5607 -0.0060
0.5612 -0.0060
0.5618 -0.0034
0.5623 -0.0060
0.5628 -0.0034
0.5634 -0.0034
0.5639 -0.0008
0.5644 -0.0008
0.5650 0.0018
0.5655 0.0018
0.5660 0.0044
0.5666 0.0070
0.5671 0.0070
0.5676 0.0097
0.5682 0.0097
0.5687 0.0123
0.5692 0.0149
0.5698 0.0149
0.5703 0.0149
0.5708 0.0175
0.5714 0.0175
0.5718 0.0175
0.5721 0.0175
0.5725 0.0175
0.5728 0.0175
0.5732 0.0149
0.5736 0.0149
0.5739 0.0123
0.5743 0.0123
0.5746 0.0097
0.5750 0.0070
0.5754 0.0070
0.5757 0.0044
0.5761 0.0018
0.5764 -0.0008
0.5768 -0.0008
0.5772 -0.0034
0.5775 -0.0060
0.5779 -0.0060
0.5782 -0.0086
0.5786 -0.0086
0.5790 -0.0112
0.5793 -0.0138
0.5797 -0.0138
0.5801 -0.0138
0.5804 -0.0164
0.5808 -0.0164
0.5811 -0.0164
0.5815 -0.0191
0.5819 -0.0191
0.5822 -0.0191
0.5826 -0.0191
0.5829 -0.0217
0.5833 -0.0217
0.5837 -0.0217
0.5840 -0.0217
0.5844 -0.0217
0.5847 -0.0217
0.5851 -0.0217
0.5855 -0.0191
0.5858 -0.0191
0.5862 -0.0191
0.5865 -0.0191
0.5869 -0.0164
0.5873 -0.0164
0.5876 -0.0164
0.5880 -0.0138
0.5883 -0.0138
0.5887 -0.0112
0.5891 -0.0112
0.5894 -0.0086
0.5898 -0.0060
0.5902 -0.0034
0.5905 -0.0008
0.5909 0.0018
0.5912 0.0044
0.5916 0.0097
0.5920 0.0123
0.5923 0.0175
0.5927 0.0201
0.5930 0.0253
0.5934 0.0305
0.5938 0.0358
0.5941 0.0384
0.5945 0.0436
0.5948 0.0488
0.5952 0.0514
0.5956 0.0567
0.5959 0.0593
0.5963 0.0619
0.5966 0.0645
0.5970 0.0671
0.5974 0.0671
0.5977 0.0671
0.5981 0.0645
0.5984 0.0619
0.5988 0.0593
0.5992 0.0540
0.5995 0.0514
0.5999 0.0462
0.6003 0.0410
0.6008 0.0384
0.6012 0.0332
0.6017 0.0279
0.6021 0.0253
0.6026 0.0201
0.6030 0.0149
0.6035 0.0123
0.6039 0.0070
0.6044 0.0044
0.6048 -0.0008
0.6053 -0.0034
0.6057 -0.0060
0.6062 -0.0086
0.6066 -0.0086
0.6070 -0.0112
0.6075 -0.0112
0.6079 -0.0112
0.6084 -0.0138
0.6088 -0.0138
0.6093 -0.0164
0.6097 -0.0164
0.6102 -0.0164
0.6106 -0.0164
0.6111 -0.0164
0.6115 -0.0164
0.6120 -0.0191
0.6124 -0.0191
0.6129 -0.0191
0.6133 -0.0191
0.6138 -0.0164
0.6142 -0.0164
0.6147 -0.0164
0.6151 -0.0138
0.6156 -0.0138
0.6160 -0.0138
0.6165 -0.0112
0.6169 -0.0112
0.6174 -0.0086
0.6178 -0.0086
0.6183 -0.0086
0.6187 -0.0060
0.6192 -0.0060
0.6196 -0.0034
0.6201 -0.0034
0.6205 -0.0034
0.6210 -0.0034
0.6214 -0.0008
0.6219 -0.0008
0.6223 -0.0008
0.6228 -0.0008
0.6232 -0.0008
0.6237 -0.0008
0.6241 -0.0008
0.6246 -0.0008
0.6250 -0.0008
0.6255 -0.0034
0.6259 -0.0034
0.6264 -0.0034
0.6268 -0.0034
0.6273 -0.0060
0.6277 -0.0060
0.6281 -0.0060
0.6286 -0.0086
0.6290 -0.0086
0.6295 -0.0086
0.6299 -0.0112
0.6304 -0.0112
0.6308 -0.0112
0.6313 -0.0112
0.6317 -0.0138
0.6322 -0.0138
0.6326 -0.0138
0.6331 -0.0138
0.6335 -0.0138
0.6340 -0.0138
0.6344 -0.0164
0.6349 -0.0164
0.6353 -0.0164
0.6358 -0.0164
0.6362 -0.0164
0.6367 -0.0164
0.6371 -0.0191
0.6376 -0.0191
0.6380 -0.0191
0.6385 -0.0191
0.6389 -0.0191
0.6394 -0.0191
0.6398 -0.0217
0.6403 -0.0217
0.6407 -0.0217
0.6412 -0.0243
0.6416 -0.0243
0.6421 -0.0243
0.6425 -0.0269
0.6430 -0.0269
0.6434 -0.0269
0.6439 -0.0295
0.6443 -0.0295
0.6448 -0.0321
0.6452 -0.0321
0.6457 -0.0321
0.6461 -0.0347
0.6466 -0.0347
0.6470 -0.0321
0.6475 -0.0321
0.6479 -0.0295
0.6484 -0.0321
0.6488 -0.0295
0.6492 -0.0295
0.6497 -0.0295
0.6501 -0.0295
0.6506 -0.0269
0.6510 -0.0269
0.6515 -0.0243
0.6519 -0.0217
0.6524 -0.0217
0.6528 -0.0191
0.6533 -0.0164
0.6537 -0.0112
0.6542 -0.0060
0.6546 -0.0008
0.6551 0.0044
0.6555 0.0123
0.6560 0.0175
0.6564 0.0279
0.6569 0.0358
0.6573 0.0462
0.6578 0.0567
0.6582 0.0671
0.6587 0.0775
0.6591 0.0906
0.6596 0.1010
0.6600 0.1115
0.6605 0.1245
0.6609 0.1350
0.6614 0.1454
0.6618 0.1559
0.6623 0.1663
0.6627 0.1768
0.6632 0.1820
0.6636 0.1898
0.6641 0.1950
0.6645 0.1977
0.6650 0.1924
0.6654 0.1872
0.6659 0.1794
0.6663 0.1689
0.6668 0.1611
0.6672 0.1507
0.6677 0.1402
0.6682 0.1272
0.6687 0.1167
0.6692 0.1037
0.6696 0.0932
0.6701 0.0802
0.6706 0.0697
0.6711 0.0593
0.6716 0.0488
0.6721 0.0384
0.6725 0.0279
0.6730 0.0201
0.6735 0.0123
0.6740 0.0044
0.6745 -0.0008
0.6749 -0.0060
0.6754 -0.0112
0.6759 -0.0164
0.6764 -0.0217
0.6769 -0.0191
0.6773 -0.0217
0.6778 -0.0243
0.6783 -0.0269
0.6788 -0.0269
0.6793 -0.0295
0.6797 -0.0295
0.6802 -0.0321
0.6807 -0.0321
0.6812 -0.0347
0.6817 -0.0347
0.6822 -0.0321
0.6826 -0.0347
0.6831 -0.0347
0.6836 -0.0347
0.6841 -0.0347
0.6846 -0.0347
0.6850 -0.0321
0.6855 -0.0321
0.6860 -0.0295
0.6865 -0.0295
0.6870 -0.0269
0.6874 -0.0269
0.6879 -0.0269
0.6884 -0.0243
0.6889 -0.0243
0.6894 -0.0243
0.6899 -0.0217
0.6903 -0.0217
0.6908 -0.0217
0.6913 -0.0191
0.6918 -0.0191
0.6923 -0.0191
0.6927 -0.0164
0.6932 -0.0164
0.6937 -0.0164
0.6942 -0.0164
0.6947 -0.0164
0.6951 -0.0138
0.6956 -0.0138
0.6961 -0.0138
0.6966 -0.0138
0.6971 -0.0138
0.6975 -0.0138
0.6980 -0.0138
0.6985 -0.0138
0.6990 -0.0138
0.6995 -0.0112
0.7000 -0.0112
0.7004 -0.0034
0.7009 -0.0112
0.7014 -0.0112
0.7019 -0.0112
0.7024 -0.0086
0.7028 -0.0086
0.7033 -0.0086
0.7038 -0.0060
0.7043 -0.0060
0.7048 -0.0060
0.7052 -0.0060
0.7057 -0.0034
0.7062 -0.0034
0.7067 -0.0008
0.7072 -0.0008
0.7076 -0.0008
0.7081 0.0018
0.7086 0.0018
0.7091 0.0018
0.7096 0.0044
0.7101 0.0044
0.7105 0.0044
0.7110 0.0044
0.7115 0.0044
0.7120 0.0044
0.7125 0.0044
0.7129 0.0044
0.7134 0.0018
0.7139 0.0018
0.7144 0.0018
0.7149 -0.0008
0.7154 -0.0008
0.7159 -0.0034
0.7165 -0.0034
0.7170 -0.0060
0.7175 -0.0060
0.7180 -0.0086
0.7185 -0.0086
0.7190 -0.0112
0.7195 -0.0112
0.7201 -0.0138
0.7206 -0.0138
0.7211 -0.0164
0.7216 -0.0164
0.7221 -0.0191
0.7226 -0.0191
0.7231 -0.0191
0.7237 -0.0217
0.7242 -0.0217
0.7247 -0.0217
0.7252 -0.0243
0.7257 -0.0243
0.7262 -0.0243
0.7268 -0.0243
0.7273 -0.0269
0.7278 -0.0269
0.7283 -0.0269
0.7288 -0.0269
0.7293 -0.0269
0.7298 -0.0243
0.7304 -0.0243
0.7309 -0.0243
0.7314 -0.0243
0.7319 -0.0217
0.7324 -0.0217
0.7329 -0.0217
0.7335 -0.0191
0.7340 -0.0191
0.7345 -0.0164
0.7350 -0.0138
0.7355 -0.0164
0.7360 -0.0112
0.7371 -0.0060
0.7376 -0.0034
0.7381 0.0018
0.7386 0.0070
0.7391 0.0097
0.7396 0.0149
0.7402 0.0201
0.7407 0.0253
0.7412 0.0332
0.7417 0.0384
0.7422 0.0436
0.7427 0.0488
0.7432 0.0567
0.7438 0.0619
0.7443 0.0671
0.7448 0.0723
0.7453 0.0775
0.7458 0.0828
0.7463 0.0854
0.7469 0.0880
0.7474 0.0906
0.7479 0.0906
0.7484 0.0880
0.7494 0.0802
0.7499 0.0775
0.7505 0.0723
0.7511 0.0671
0.7516 0.0619
0.7522 0.0540
0.7527 0.0488
0.7533 0.0436
0.7539 0.0384
0.7544 0.0332
0.7550 0.0279
0.7556 0.0201
0.7561 0.0175
0.7567 0.0123
0.7572 0.0070
0.7578 0.0044
0.7584 -0.0008
0.7589 -0.0034
0.7595 -0.0060
0.7600 -0.0086
0.7606 -0.0112
0.7612 -0.0112
0.7617 -0.0138
0.7623 -0.0138
0.7629 -0.0138
0.7634 -0.0164
0.7640 -0.0164
0.7645 -0.0164
0.7651 -0.0191
0.7657 -0.0191
0.7662 -0.0217
0.7668 -0.0217
0.7673 -0.0217
0.7679 -0.0217
0.7685 -0.0217
0.7690 -0.0191
0.7696 -0.0191
0.7701 -0.0191
0.7707 -0.0191
0.7713 -0.0164
0.7718 -0.0164
0.7724 -0.0164
0.7730 -0.0164
0.7735 -0.0138
0.7741 -0.0138
0.7746 -0.0138
0.7752 -0.0138
0.7758 -0.0138
0.7763 -0.0138
0.7769 -0.0138
0.7774 -0.0138
0.7780 -0.0138
0.7786 -0.0138
0.7791 -0.0138
0.7797 -0.0138
0.7802 -0.0164
0.7808 -0.0164
0.7814 -0.0164
0.7819 -0.0164
0.7825 -0.0164
0.7831 -0.0164
0.7836 -0.0138
0.7842 -0.0112
0.7847 -0.0112
0.7853 -0.0112
0.7859 -0.0112
0.7864 -0.0086
0.7870 -0.0086
0.7875 -0.0086
0.7881 -0.0060
0.7887 -0.0060
0.7892 -0.0034
0.7898 -0.0008
0.7903 0.0018
0.7909 0.0044
0.7915 0.0070
0.7920 0.0097
0.7926 0.0123
0.7932 0.0149
0.7937 0.0175
0.7943 0.0201
0.7948 0.0253
0.7954 0.0279
0.7960 0.0305
0.7965 0.0332
0.7971 0.0358
0.7976 0.0358
0.7982 0.0358
0.7988 0.0384
0.7993 0.0384
0.7999 0.0358
0.8004 0.0358
0.8010 0.0332
0.8016 0.0305
0.8021 0.0279
0.8027 0.0279
0.8033 0.0227
0.8038 0.0201
0.8044 0.0175
0.8049 0.0149
0.8055 0.0097
0.8061 0.0070
0.8066 0.0044
0.8072 0.0018
0.8077 -0.0008
0.8083 -0.0034
0.8089 -0.0060
0.8094 -0.0086
0.8100 -0.0112
0.8105 -0.0138
0.8111 -0.0138
0.8117 -0.0138
0.8122 -0.0164
0.8128 -0.0164
0.8134 -0.0191
0.8139 -0.0164
0.8145 -0.0191
0.8150 -0.0191
0.8156 -0.0191
0.8162 -0.0191
0.8167 -0.0191
0.8173 -0.0191
0.8178 -0.0191
0.8184 -0.0191
0.8190 -0.0191
0.8195 -0.0191
0.8201 -0.0191
0.8207 -0.0164
0.8212 -0.0164
0.8218 -0.0138
0.8223 -0.0138
0.8229 -0.0112
0.8235 -0.0086
0.8240 -0.0086
0.8246 -0.0060
0.8251 -0.0034
0.8257 -0.0034
0.8263 -0.0008
0.8268 0.0018
0.8274 0.0044
0.8279 0.0044
0.8285 0.0070
0.8291 0.0097
0.8296 0.0097
0.8302 0.0123
0.8308 0.0123
0.8313 0.0123
0.8319 0.0149
0.8324 0.0149
0.8330 0.0149
0.8336 0.0149
0.8342 0.0123
0.8348 0.0123
0.8354 0.0123
0.8360 0.0097
0.8366 0.0097
0.8372 0.0070
0.8378 0.0070
0.8384 0.0044
0.8390 0.0044
0.8396 0.0018
0.8402 0.0018
0.8408 -0.0008
0.8414 -0.0008
0.8420 -0.0008
0.8426 -0.0034
0.8432 -0.0034
0.8438 -0.0034
0.8444 -0.0034
0.8450 -0.0034
0.8456 -0.0060
0.8462 -0.0034
0.8468 -0.0034
0.8474 -0.0034
0.8480 -0.0034
0.8486 -0.0034
0.8492 -0.0034
0.8498 -0.0034
0.8504 -0.0008
0.8510 -0.0008
0.8516 -0.0008
0.8522 -0.0008
0.8528 0.0018
0.8534 0.0018
0.8540 0.0018
0.8546 0.0018
0.8552 0.0018
0.8558 0.0018
0.8564 0.0018
0.8570 0.0018
0.8577 0.0018
0.8583 0.0018
0.8590 0.0018
0.8596 -0.0008
0.8603 -0.0008
0.8609 -0.0008
0.8616 -0.0008
0.8623 -0.0034
0.8629 -0.0034
0.8636 -0.0034
0.8642 -0.0034
0.8649 -0.0060
0.8655 -0.0060
0.8662 -0.0060
0.8669 -0.0060
0.8675 -0.0060
0.8682 -0.0060
0.8688 -0.0060
0.8695 -0.0086
0.8701 -0.0086
0.8708 -0.0086
0.8714 -0.0086
0.8721 -0.0086
0.8728 -0.0060
0.8734 -0.0060
0.8741 -0.0060
0.8747 -0.0060
0.8754 -0.0060
0.8760 -0.0060
0.8767 -0.0060
0.8773 -0.0060
0.8780 -0.0060
0.8787 -0.0060
0.8793 -0.0060
0.8800 -0.0060
0.8806 -0.0060
0.8813 -0.0060
0.8819 -0.0060
0.8826 -0.0060
0.8832 -0.0060
0.8839 -0.0060
0.8846 -0.0060
0.8852 -0.0060
0.8859 -0.0060
0.8865 -0.0060
0.8872 -0.0060
0.8878 -0.0060
0.8885 -0.0060
0.8892 -0.0060
0.8898 -0.0060
0.8905 -0.0060
0.8911 -0.0060
0.8918 -0.0060
0.8924 -0.0060
0.8931 -0.0060
0.8937 -0.0060
0.8944 -0.0086
0.8951 -0.0086
0.8957 -0.0086
0.8964 -0.0086
0.8970 -0.0086
0.8977 -0.0086
0.8983 -0.0086
0.8990 -0.0086
0.8996 -0.0112
0.9003 -0.0112
0.9010 -0.0112
0.9016 -0.0112
0.9023 -0.0112
0.9029 -0.0112
0.9036 -0.0138
0.9042 -0.0138
0.9049 -0.0138
0.9055 -0.0138
0.9062 -0.0138
0.9069 -0.0138
0.9075 -0.0138
0.9082 -0.0164
0.9088 -0.0164
0.9095 -0.0164
0.9101 -0.0164
0.9108 -0.0164
0.9115 -0.0164
0.9121 -0.0191
0.9128 -0.0191
0.9134 -0.0191
0.9141 -0.0191
0.9147 -0.0191
0.9154 -0.0217
0.9160 -0.0217
0.9167 -0.0217
0.9174 -0.0217
0.9180 -0.0217
0.9187 -0.0243
0.9193 -0.0243
0.9200 -0.0243
0.9206 -0.0243
0.9213 -0.0243
0.9219 -0.0269
0.9226 -0.0269
0.9233 -0.0269
0.9239 -0.0269
0.9246 -0.0269
0.9252 -0.0269
0.9259 -0.0295
0.9265 -0.0295
0.9272 -0.0295
0.9278 -0.0295
0.9285 -0.0295
0.9292 -0.0295
0.9298 -0.0321
0.9305 -0.0321
0.9311 -0.0321
0.9318 -0.0321
0.9324 -0.0347
0.9331 -0.0347
0.9338 -0.0347
0.9344 -0.0347
0.9351 -0.0373
0.9357 -0.0373
0.9364 -0.0373
0.9370 -0.0373
0.9377 -0.0373
0.9383 -0.0399
0.9390 -0.0399
0.9397 -0.0399
0.9403 -0.0399
0.9410 -0.0426
0.9416 -0.0426
0.9423 -0.0426
0.9429 -0.0426
0.9436 -0.0452
0.9442 -0.0452
0.9449 -0.0452
0.9456 -0.0452
0.9462 -0.0478
0.9469 -0.0478
0.9475 -0.0478
0.9482 -0.0504
0.9488 -0.0504
0.9495 -0.0504
0.9502 -0.0530
0.9508 -0.0530
0.9515 -0.0556
0.9521 -0.0556
0.9528 -0.0582
0.9534 -0.0582
0.9541 -0.0608
0.9547 -0.0608
0.9554 -0.0634
0.9561 -0.0634
0.9567 -0.0661
0.9574 -0.0687
0.9580 -0.0687
0.9587 -0.0713
0.9593 -0.0739
0.9600 -0.0739
0.9606 -0.0765
0.9613 -0.0791
0.9620 -0.0791
0.9626 -0.0817
0.9633 -0.0843
0.9639 -0.0869
0.9646 -0.0869
0.9652 -0.0896
0.9659 -0.0922
0.9665 -0.0922
0.9672 -0.0948
0.9679 -0.0974
0.9685 -0.0974
0.9692 -0.1000
0.9698 -0.1000
0.9705 -0.1000
0.9711 -0.1000
0.9718 -0.1000
0.9725 -0.1000
0.9731 -0.0974
0.9738 -0.0974
0.9744 -0.0974
0.9751 -0.0974
0.9757 -0.0948
0.9764 -0.0948
0.9770 -0.0922
0.9777 -0.0896
0.9784 -0.0896
0.9790 -0.0843
0.9797 -0.0791
0.9803 -0.0739
0.9810 -0.0687
0.9816 -0.0556
0.9823 -0.0452
0.9829 -0.0347
0.9836 -0.0191
0.9843 -0.0008
0.9849 0.0201
0.9856 0.0436
0.9862 0.0671
0.9869 0.0984
0.9875 0.1272
0.9882 0.1585
0.9888 0.2003
0.9895 0.2342
0.9902 0.2760
0.9908 0.3256
0.9915 0.3674
0.9921 0.4144
0.9928 0.4640
0.9934 0.5110
0.9941 0.5606
0.9948 0.6076
0.9954 0.6520
0.9961 0.6990
0.9967 0.7381
0.9974 0.7825
0.9980 0.8138
0.9987 0.8478
0.9993 0.8765
1.0000 0.9000
